60 80 0
60 80 -25
60 90 -50
60 100 -50
60 125 -42
60 145 -30
60 125 -42
60 100 -50
60 110 -50
60 110 -100
60 80 -100
60 80 -50
60 90 -50
60 80 -50
60 80 -90
60 75 -70
60 95 -35
60 145 -35
60 45 -35
60 44.2178 -34.9384
60 43.4549 -34.7553
60 42.73 -34.455
60 42.0611 -34.0451
60 41.4645 -33.5355
60 40.9549 -32.9389
60 40.545 -32.27
60 40.2447 -31.5451
60 40.0616 -30.7822
60 40 -30
60 40.0616 -29.2178
60 40.2447 -28.4549
60 40.545 -27.73
60 40.9549 -27.0611
60 41.4645 -26.4645
60 42.0611 -25.9549
60 42.73 -25.545
60 43.4549 -25.2447
60 44.2178 -25.0616
60 45 -25
60 44.2178 -25.0616
60 43.4549 -25.2447
60 42.73 -25.545
60 42.0611 -25.9549
60 41.4645 -26.4645
60 40.9549 -27.0611
60 40.545 -27.73
60 40.2447 -28.4549
60 40.0616 -29.2178
60 40 -30
60 40.0616 -30.7822
60 40.2447 -31.5451
60 40.545 -32.27
60 40.9549 -32.9389
60 41.4645 -33.5355
60 42.0611 -34.0451
60 42.73 -34.455
60 43.4549 -34.7553
60 44.2178 -34.9384
60 45 -35
60 95 -35
60 115 -70
60 110 -90
60 110 -100
60 95 -100
60 95 -110
60 110 -125
60 109.954 -126.177
60 109.815 -127.347
60 109.586 -128.502
60 109.266 -129.635
60 108.858 -130.74
60 108.365 -131.81
60 107.79 -132.837
60 107.135 -133.817
60 106.406 -134.742
60 105.607 -135.607
60 104.742 -136.406
60 103.817 -137.135
60 102.837 -137.79
60 101.81 -138.365
60 100.74 -138.858
60 99.6353 -139.266
60 98.5017 -139.586
60 97.3465 -139.815
60 96.1769 -139.954
60 95 -140
60 93.8231 -139.954
60 92.6535 -139.815
60 91.4983 -139.586
60 90.3647 -139.266
60 89.2598 -138.858
60 88.1901 -138.365
60 87.1625 -137.79
60 86.1832 -137.135
60 85.2583 -136.406
60 84.3934 -135.607
60 83.5939 -134.742
60 82.8647 -133.817
60 82.2104 -132.837
60 81.6349 -131.81
60 81.1418 -130.74
60 80.7342 -129.635
60 80.4145 -128.502
60 80.1847 -127.347
60 80.0462 -126.177
60 80 -125
60 80.0462 -123.823
60 80.1847 -122.653
60 80.4145 -121.498
60 80.7342 -120.365
60 81.1418 -119.26
60 81.6349 -118.19
60 82.2104 -117.163
60 82.8647 -116.183
60 83.5939 -115.258
60 84.3934 -114.393
60 85.2583 -113.594
60 86.1832 -112.865
60 87.1625 -112.21
60 88.1901 -111.635
60 89.2598 -111.142
60 90.3647 -110.734
60 91.4983 -110.414
60 92.6535 -110.185
60 93.8231 -110.046
60 95 -110
60 96.1769 -110.046
60 97.3465 -110.185
60 98.5017 -110.414
60 99.6353 -110.734
60 100.74 -111.142
60 101.81 -111.635
60 102.837 -112.21
60 103.817 -112.865
60 104.742 -113.594
60 105.607 -114.393
60 106.406 -115.258
60 107.135 -116.183
60 107.79 -117.163
60 108.365 -118.19
60 108.858 -119.26
60 109.266 -120.365
60 109.586 -121.498
60 109.815 -122.653
60 109.954 -123.823

