60 72 0
60 96 -60
60 120 0
60 96 -60
60 96 -90
60 96 -80
60 106 -60
60 96 -80
60 86 -60
60 96 -80
60 96 -90
60 76 -110
60 77 -116.245
60 78 -118.718
60 79 -120.536
60 80 -122
60 81 -123.229
60 82 -124.283
60 83 -125.199
60 84 -126
60 85 -126.703
60 86 -127.321
60 87 -127.861
60 88 -128.33
60 89 -128.735
60 90 -129.079
60 91 -129.365
60 92 -129.596
60 93 -129.774
60 94 -129.9
60 95 -129.975
60 96 -130
60 97 -129.975
60 98 -129.9
60 99 -129.774
60 100 -129.596
60 101 -129.365
60 102 -129.079
60 103 -128.735
60 104 -128.33
60 105 -127.861
60 106 -127.321
60 107 -126.703
60 108 -126
60 109 -125.199
60 110 -124.283
60 111 -123.229
60 112 -122
60 113 -120.536
60 114 -118.718
60 115 -116.245
60 115 -103.755
60 114 -101.282
60 113 -99.4643
60 112 -98
60 111 -96.7712
60 110 -95.7171
60 109 -94.8013
60 108 -94
60 107 -93.2967
60 106 -92.6795
60 105 -92.1394
60 104 -91.6697
60 103 -91.265
60 102 -90.9212
60 101 -90.6351
60 100 -90.4041
60 99 -90.2263
60 98 -90.1003
60 97 -90.025
60 96 -90
60 95 -90.025
60 94 -90.1003
60 93 -90.2263
60 92 -90.4041
60 91 -90.6351
60 90 -90.9212
60 89 -91.265
60 88 -91.6697
60 87 -92.1394
60 86 -92.6795
60 85 -93.2967
60 84 -94
60 83 -94.8013
60 82 -95.7171
60 81 -96.7712
60 80 -98
60 79 -99.4643
60 78 -101.282
60 77 -103.755
60 76 -110